[
1341021601,
1341021603,
1341021626,
1341021628,
1341021630,
1341021640,
1341021641,
1341021643,
1341021648,
1341021651,
1341020421,
1341021662,
1341021662,
1341021668,
1341021678,
1341021682,
1341021688,
1341021690,
1341021744,
1341021747,
1341021751,
1341021758,
1341021768,
1341021768,
1341021768,
1341021776,
1341021801,
1341021803,
1341021813,
1341021813,
1341021825,
1341021844,
1341021858,
1341021860,
1341021868,
1341021867,
1341021869,
1341021876,
1341021884,
1341021884,
1341021884,
1341021887,
1341021914,
1341021915,
1341021921,
1341021921,
1341021925,
1341021944,
1341021952,
1341021959,
1341021963,
1341021961,
1341021966,
1341021992,
1341022008,
1341022014,
1341022017,
1341022019,
1341022020,
1341022023,
1341022025,
1341022030,
1341022036,
1341022040,
1341022055,
1341022055,
1341022068,
1341022075,
1341022076,
1341022075,
1341022080,
1341022080,
1341022080,
1341022078,
1341022081,
1341022084,
1341022085,
1341022089,
1341022091,
1341022098,
1341022100,
1341022100,
1341022100,
1341022100,
1341022103,
1341022108,
1341022109,
1341022113,
1341022115,
1341022115,
1341022115,
1341022123,
1341022124,
1341022125,
1341022130,
1341022132,
1341022134,
1341022137,
1341022145,
1341022150,
1341022156,
1341022161,
1341022159,
1341022162,
1341022163,
1341022163,
1341022166,
1341022168,
1341022179,
1341022178,
1341022191,
1341022189,
1341022192,
1341022201,
1341022202,
1341022203,
1341022204,
1341022205,
1341022213,
1341022220,
1341022226,
1341022232,
1341022233,
1341022237,
1341022241,
1341022249,
1341022258,
1341022264,
1341022262,
1341022261,
1341022266,
1341022274,
1341022276,
1341022276,
1341022278,
1341022279,
1341022287,
1341022300,
1341022301,
1341022301,
1341022301,
1341022305,
1341022303,
1341022307,
1341022311,
1341022312,
1341022313,
1341022316,
1341022321,
1341022324,
1341022333,
1341022337,
1341022339,
1341022341,
1341022346,
1341022349,
1341022349,
1341022352,
1341022352,
1341022352,
1341022364,
1341022366,
1341022366,
1341022367,
1341022368,
1341022368,
1341022369,
1341022375,
1341022381,
1341022387,
1341022387,
1341022399,
1341022406,
1341022406,
1341022409,
1341022409,
1341022413,
1341022419,
1341022419,
1341022419,
1341022436,
1341022434,
1341022441,
1341022446,
1341022447,
1341022451,
1341022450,
1341022454,
1341022459,
1341022459,
1341022462,
1341022463,
1341022463,
1341022467,
1341022474,
1341022482,
1341022481,
1341022481,
1341022488,
1341022493,
1341022492,
1341022496,
1341022495,
1341022499,
1341022497,
1341022497,
1341022501,
1341022504,
1341022505,
1341022506,
1341022511,
1341022527,
1341022529,
1341022528,
1341022531,
1341022535,
1341022541,
1341022543,
1341022547,
1341022556,
1341022560,
1341022563,
1341022574,
1341022575,
1341022576,
1341022582,
1341022593,
1341022595,
1341022600,
1341022613,
1341022612,
1341022632,
1341022633,
1341022639,
1341022641,
1341022645,
1341022647,
1341022661,
1341022661,
1341022673,
1341022675,
1341022697,
1341022698,
1341022702,
1341022708,
1341022708,
1341022712,
1341022714,
1341022715,
1341022716,
1341022738,
1341022742,
1341022745,
1341022751,
1341022763,
1341022768,
1341022773,
1341022773,
1341022783,
1341022785,
1341022815,
1341022819,
1341022830,
1341022832,
1341022855,
1341022869,
1341022872,
1341022877,
1341022880,
1341022883,
1341022887,
1341022900,
1341022903,
1341022908,
1341022909,
1341022912,
1341022915,
1341022932,
1341022940,
1341022947,
1341022954,
1341022958,
1341022970,
1341022984,
1341022988,
1341022988,
1341022989,
1341022991,
1341022996,
1341023021,
1341023019,
1341023024,
1341023025,
1341023034,
1341023039,
1341023050,
1341023054,
1341023067,
1341023069,
1341023075,
1341023080,
1341023081,
1341023083,
1341023106,
1341023108,
1341023112,
1341023114,
1341023114,
1341023125,
1341023130,
1341023131,
1341023135,
1341023135,
1341023140,
1341023140,
1341023155,
1341023160,
1341023167,
1341023184,
1341023198,
1341023198,
1341023207,
1341023228,
1341023238,
1341023248,
1341023257,
1341023256,
1341023256,
1341023258,
1341023259,
1341023264,
1341023266,
1341023278,
1341023294,
1341023293,
1341023322,
1341023326,
1341023334,
1341023344,
1341023356,
1341023358,
1341023364,
1341023364,
1341023368,
1341023373,
1341023376,
1341023381,
1341023381,
1341023387,
1341023395,
1341023401,
1341023405,
1341023404,
1341023404,
1341023412,
1341023412,
1341023424,
1341023429,
1341023438,
1341023458,
1341023463,
1341023462,
1341023464,
1341023467,
1341023474,
1341023479,
1341023480,
1341023479,
1341023488,
1341023504,
1341023504,
1341023505,
1341023513,
1341023528,
1341023530,
1341023537,
1341023537,
1341023539,
1341023550,
1341023550,
1341023555,
1341023558,
1341023559,
1341023560,
1341023563,
1341023565,
1341023573,
1341023584,
1341023587,
1341023604,
1341023605,
1341023606,
1341023608,
1341023611,
1341023615,
1341023625,
1341023648,
1341023652,
1341023657,
1341023660,
1341023662,
1341023677,
1341023678,
1341023682,
1341023694,
1341023704,
1341023723,
1341023725,
1341023731,
1341023737,
1341023740,
1341023740,
1341023742,
1341023743,
1341023743,
1341023741,
1341023755,
1341023775,
1341023779,
1341023790,
1341023787,
1341023793,
1341023800,
1341023808,
1341023813,
1341023820,
1341023828,
1341023830,
1341023838,
1341023841,
1341023843,
1341023841,
1341023854,
1341023858,
1341023887,
1341023906,
1341023918,
1341023920,
1341023943,
1341023950,
1341023957,
1341023960,
1341023960,
1341023963,
1341023983,
1341023983,
1341023983,
1341023985,
1341023989,
1341024005,
1341024006,
1341024006,
1341024008,
1341024011,
1341024015,
1341024019,
1341024031,
1341024031,
1341024044,
1341024044,
1341024055,
1341024069,
1341024071,
1341024081,
1341024083,
1341024087,
1341024087,
1341024091,
1341024091,
1341024101,
1341024110,
1341024119,
1341024124,
1341024130,
1341024131,
1341024135,
1341024164,
1341024164,
1341024165,
1341024172,
1341024177,
1341024186,
1341024188,
1341024193,
1341024198,
1341024201,
1341024206,
1341024209,
1341024215,
1341024219,
1341024224,
1341024234,
1341024237,
1341024243,
1341024257,
1341024259,
1341024260,
1341024262,
1341024269,
1341024273,
1341024301,
1341024312,
1341024327,
1341024335,
1341024354,
1341024359,
1341024380,
1341024383,
1341024393,
1341024396,
1341024404,
1341024404,
1341024412,
1341024416,
1341024414,
1341024437,
1341024447,
1341024452,
1341024458,
1341024466,
1341024469,
1341024472,
1341024483,
1341024485,
1341024497,
1341024512,
1341024511,
1341024515,
1341024533,
1341024552,
1341024553,
1341024588,
1341024596,
1341024600,
1341024609,
1341024620,
1341024632,
1341024633,
1341024641,
1341024642,
1341024642,
1341024646,
1341024648,
1341024652,
1341024651,
1341024654,
1341024659,
1341024663,
1341024672,
1341024685,
1341024701,
1341024727,
1341024726,
1341024734,
1341024739,
1341024740,
1341024742,
1341024746,
1341024747,
1341024750,
1341024752,
1341024761,
1341024785,
1341024796,
1341024801,
1341024808,
1341024815,
1341024816,
1341024816,
1341024817,
1341024831,
1341024831,
1341024851,
1341024852,
1341024864,
1341024865,
1341024877,
1341024880,
1341024880,
1341024900,
1341024908,
1341024916,
1341024917,
1341024920,
1341024929,
1341024930,
1341024933,
1341024942,
1341024942,
1341024952,
1341024964,
1341024967,
1341024967,
1341024968,
1341024975,
1341024981,
1341024994,
1341025012,
1341025027,
1341025030,
1341025032,
1341025035,
1341025035,
1341025036,
1341025040,
1341025040,
1341025048,
1341025049,
1341025052,
1341025062,
1341025064,
1341025067,
1341025096,
1341025102,
1341025106,
1341025107,
1341025111,
1341025111,
1341025147,
1341025163,
1341025165,
1341025167,
1341025171
]
